-14.305578   0.000000    -0.000000  -0.000000    -0.000000  -0.000000     0.000000  -0.000000    -0.000000   0.000000    -0.000000   0.000000     0.033382   0.000000    -0.000000   0.000000     0.154295   0.000000    -0.000000  -0.000000     0.000000  -0.000000     0.000000  -0.000000    -0.000000   0.000000    -0.000000   0.000000   
 -0.000000   0.000000   -14.245769   0.000000    -0.000000  -0.000000     0.000000   0.000000    -0.000000   0.000000    -0.000000   0.000000     0.000000  -0.000000    -0.000000   0.000000    -0.000000   0.000000     0.200428   0.000000    -0.000000  -0.000000     0.000000  -0.000000     0.000000  -0.000000    -0.000000   0.000000   
 -0.000000   0.000000    -0.000000   0.000000   -14.210230   0.000000    -0.000000  -0.000000     0.000000   0.000000     0.000000  -0.000000    -0.000000   0.000000    -0.000000   0.000000     0.000000  -0.000000    -0.000000   0.000000     0.219457   0.000000    -0.000000  -0.000000     0.000000  -0.000000     0.000000  -0.000000   
  0.000000   0.000000     0.000000  -0.000000    -0.000000   0.000000   -14.134521   0.000000    -0.000000  -0.000000     0.000000   0.000000    -0.000000   0.000000    -0.000000   0.000000    -0.000000   0.000000     0.000000  -0.000000    -0.000000   0.000000     0.220597   0.000000    -0.000000  -0.000000    -0.000000   0.000000   
 -0.000000  -0.000000    -0.000000  -0.000000     0.000000  -0.000000    -0.000000   0.000000   -14.084814  -0.000000     0.000000   0.000000    -0.000000  -0.000000    -0.000000  -0.000000     0.000000  -0.000000    -0.000000   0.000000     0.000000  -0.000000     0.000000  -0.000000     0.199815   0.000000     0.000000   0.000000   
 -0.000000  -0.000000    -0.000000  -0.000000     0.000000   0.000000     0.000000  -0.000000     0.000000  -0.000000   -13.993085   0.000000     0.000000   0.000000    -0.000660  -0.000000    -0.000000  -0.000000     0.000000  -0.000000    -0.000000   0.000000    -0.000000   0.000000     0.000000  -0.000000     0.154449   0.000000   
  0.033382  -0.000000     0.000000   0.000000    -0.000000  -0.000000    -0.000000  -0.000000    -0.000000   0.000000     0.000000  -0.000000   -13.929602   0.000000    -0.000000   0.000000    -0.000295  -0.000000     0.000000   0.000000    -0.000000   0.000000     0.000000  -0.000000    -0.000000   0.000000     0.000000  -0.000000   
 -0.000000  -0.000000    -0.000000  -0.000000    -0.000000  -0.000000    -0.000000  -0.000000    -0.000000   0.000000    -0.000660   0.000000    -0.000000  -0.000000   -13.890968   0.000000    -0.000000  -0.000000    -0.000000  -0.000000     0.000000  -0.000000    -0.000000   0.000000    -0.000000   0.000000     0.039597   0.000000   
  0.154295  -0.000000    -0.000000  -0.000000     0.000000   0.000000    -0.000000  -0.000000     0.000000   0.000000    -0.000000   0.000000    -0.000295   0.000000    -0.000000   0.000000   -13.962510   0.000000    -0.000000  -0.000000     0.000000   0.000000    -0.000000   0.000000     0.000000  -0.000000     0.000000  -0.000000   
 -0.000000   0.000000     0.200428  -0.000000    -0.000000  -0.000000     0.000000   0.000000    -0.000000  -0.000000     0.000000   0.000000     0.000000  -0.000000    -0.000000   0.000000    -0.000000   0.000000   -14.052483   0.000000     0.000000   0.000000     0.000000   0.000000     0.000000  -0.000000    -0.000000   0.000000   
  0.000000   0.000000    -0.000000   0.000000     0.219457  -0.000000    -0.000000  -0.000000     0.000000   0.000000    -0.000000  -0.000000    -0.000000  -0.000000     0.000000   0.000000     0.000000  -0.000000     0.000000  -0.000000   -14.101158   0.000000    -0.000000  -0.000000     0.000000   0.000000    -0.000000   0.000000   
  0.000000   0.000000     0.000000   0.000000    -0.000000   0.000000     0.220597  -0.000000     0.000000   0.000000    -0.000000  -0.000000     0.000000   0.000000    -0.000000  -0.000000    -0.000000  -0.000000     0.000000  -0.000000    -0.000000   0.000000   -14.178904   0.000000     0.000000   0.000000    -0.000000  -0.000000   
 -0.000000  -0.000000     0.000000   0.000000     0.000000   0.000000    -0.000000   0.000000     0.199815  -0.000000     0.000000   0.000000    -0.000000  -0.000000    -0.000000  -0.000000     0.000000   0.000000     0.000000   0.000000     0.000000  -0.000000     0.000000  -0.000000   -14.215004   0.000000     0.000000   0.000000   
 -0.000000  -0.000000    -0.000000  -0.000000     0.000000   0.000000    -0.000000  -0.000000     0.000000  -0.000000     0.154449  -0.000000     0.000000   0.000000     0.039597  -0.000000     0.000000   0.000000    -0.000000  -0.000000    -0.000000  -0.000000    -0.000000   0.000000     0.000000  -0.000000   -14.268059   0.000000   
